{
    "animation": [
        {
            "name": "Root",
            "time": [0.0, 1.0167, 2.0],
            "transform": [
                [1.0, 0.0, 0.0, -5e-06, 0.0, 1.0, 0.0, -0.004678, 0.0, -0.0, 1.0, 0.36788, 0.0, 0.0, 0.0, 1.0],
                [1.0, 0.0, 0.0, -5e-06, 0.0, 1.0, 0.0, -0.004678, 0.0, -0.0, 1.0, 0.36788, 0.0, 0.0, 0.0, 1.0],
                [1.0, 0.0, 0.0, -5e-06, 0.0, 1.0, 0.0, -0.004678, 0.0, -0.0, 1.0, 0.36788, 0.0, 0.0, 0.0, 1.0]
            ]
        },
        {
            "name": "Thigh_R",
            "time": [0.0, 1.0167, 2.0],
            "transform": [
                [0.999266, 0.03829, -0.0, 0.124994, 0.038277, -0.998916, 0.026416, -0.002831, 0.001011, -0.026396, -0.999651, -1.2e-05, 0.0, 0.0, 0.0, 1.0],
                [0.999266, 0.03829, -0.0, 0.124994, 0.038236, -0.997856, -0.053076, -0.002831, -0.002032, 0.053038, -0.998591, -1.2e-05, 0.0, 0.0, 0.0, 1.0],
                [0.999266, 0.03829, -0.0, 0.124994, 0.038277, -0.998916, 0.026416, -0.002831, 0.001011, -0.026396, -0.999651, -1.2e-05, 0.0, 0.0, 0.0, 1.0]
            ]
        },
        {
            "name": "Leg_R",
            "time": [0.0, 1.0167, 2.0],
            "transform": [
                [1.0, 0.0, 1e-06, -0.0, -0.0, 1.000001, 0.0, 0.37472, -1e-06, -0.0, 0.999999, -0.0, 0.0, 0.0, 0.0, 1.0],
                [0.99997, 0.000784, -0.007708, -0.0, 0.000783, 0.979556, 0.201172, 0.37472, 0.007708, -0.201172, 0.979525, 0.0, 0.0, 0.0, 0.0, 1.0],
                [1.0, 0.0, 1e-06, -0.0, -0.0, 1.000001, 0.0, 0.37472, -1e-06, -0.0, 0.999999, -0.0, 0.0, 0.0, 0.0, 1.0]
            ]
        },
        {
            "name": "Knee_R",
            "time": [0.0, 1.0167, 2.0],
            "transform": [
                [1.0, 0.0, -0.0, 0.0, -0.0, 1e-06, -1.0, 0.486932, -0.0, 1.0, 1e-06, -0.001311, 0.0, 0.0, 0.0, 1.0],
                [1.0, 0.0, -0.0, 0.0, -0.0, 1e-06, -1.0, 0.486932, -0.0, 1.0, 1e-06, -0.001311, 0.0, 0.0, 0.0, 1.0],
                [1.0, 0.0, -0.0, 0.0, -0.0, 1e-06, -1.0, 0.486932, -0.0, 1.0, 1e-06, -0.001311, 0.0, 0.0, 0.0, 1.0]
            ]
        },
        {
            "name": "Thigh_L",
            "time": [0.0, 1.0167, 2.0],
            "transform": [
                [0.999474, -0.032409, -0.0, -0.125006, -0.032277, -0.995405, -0.090149, -0.002831, 0.002922, 0.090102, -0.995928, -1.2e-05, 0.0, 0.0, 0.0, 1.0],
                [0.999474, -0.032409, -0.0, -0.125006, -0.032322, -0.9968, 0.073105, -0.002831, -0.002369, -0.073067, -0.997324, -1.2e-05, 0.0, 0.0, 0.0, 1.0],
                [0.999474, -0.032409, -0.0, -0.125006, -0.032277, -0.995405, -0.090149, -0.002831, 0.002922, 0.090102, -0.995928, -1.2e-05, 0.0, 0.0, 0.0, 1.0]
            ]
        },
        {
            "name": "Leg_L",
            "time": [0.0, 1.0167, 2.0],
            "transform": [
                [0.99982, 0.015234, 0.01136, -0.0, -0.017452, 0.972626, 0.231716, 0.37472, -0.007519, -0.231872, 0.972718, -0.0, 0.0, 0.0, 0.0, 1.0],
                [0.999848, 0.01745, 0.000305, 0.0, -0.017453, 0.999695, 0.01745, 0.37472, -1e-06, -0.017453, 0.999848, 0.0, 0.0, 0.0, 0.0, 1.0],
                [0.99982, 0.015234, 0.01136, -0.0, -0.017452, 0.972626, 0.231716, 0.37472, -0.007519, -0.231872, 0.972718, -0.0, 0.0, 0.0, 0.0, 1.0]
            ]
        },
        {
            "name": "Knee_L",
            "time": [0.0, 1.0167, 2.0],
            "transform": [
                [1.0, 0.0, -0.0, 0.0, -0.0, 1e-06, -1.0, 0.459884, -0.0, 1.0, 1e-06, -0.004006, 0.0, 0.0, 0.0, 1.0],
                [1.0, 0.0, -0.0, 0.0, -0.0, 1e-06, -1.0, 0.459884, -0.0, 1.0, 1e-06, -0.004006, 0.0, 0.0, 0.0, 1.0],
                [1.0, 0.0, -0.0, 0.0, -0.0, 1e-06, -1.0, 0.459884, -0.0, 1.0, 1e-06, -0.004006, 0.0, 0.0, 0.0, 1.0]
            ]
        },
        {
            "name": "Torso",
            "time": [0.0, 1.0167, 2.0],
            "transform": [
                [1.0, 0.0, 0.0, 0.0, 0.0, 0.998379, 0.056911, 0.05, 0.0, -0.056911, 0.998379, 0.0, 0.0, 0.0, 0.0, 1.0],
                [1.0, 0.0, 0.0, 0.0, 0.0, 1.0, 0.0, 0.05, 0.0, 0.0, 1.0, 0.0, 0.0, 0.0, 0.0, 1.0],
                [1.0, 0.0, 0.0, 0.0, 0.0, 0.998379, 0.056911, 0.05, 0.0, -0.056911, 0.998379, 0.0, 0.0, 0.0, 0.0, 1.0]
            ]
        },
        {
            "name": "Chest",
            "time": [0.0, 1.0167, 2.0],
            "transform": [
                [1.0, 0.0, 0.0, 0.0, 0.0, 0.990984, -0.133979, 0.3, 0.0, 0.133979, 0.990984, 0.0, 0.0, 0.0, 0.0, 1.0],
                [1.0, 0.0, 0.0, -0.0, 0.0, 0.990984, -0.133979, 0.3, 0.0, 0.133979, 0.990984, 0.0, 0.0, 0.0, 0.0, 1.0],
                [1.0, 0.0, 0.0, 0.0, 0.0, 0.990984, -0.133979, 0.3, 0.0, 0.133979, 0.990984, 0.0, 0.0, 0.0, 0.0, 1.0]
            ]
        },
        {
            "name": "Head",
            "time": [0.0, 1.0167, 2.0],
            "transform": [
                [1.0, -0.0, -1e-06, -0.0, -0.0, 0.866026, -0.5, 0.4, 1e-06, 0.5, 0.866025, 0.0, 0.0, 0.0, 0.0, 1.0],
                [1.0, -0.0, -1e-06, 0.0, -0.0, 0.866026, -0.5, 0.4, 1e-06, 0.5, 0.866025, 0.0, 0.0, 0.0, 0.0, 1.0],
                [1.0, -0.0, -1e-06, -0.0, -0.0, 0.866026, -0.5, 0.4, 1e-06, 0.5, 0.866025, 0.0, 0.0, 0.0, 0.0, 1.0]
            ]
        },
        {
            "name": "Shoulder_R",
            "time": [0.0, 1.0167, 2.0],
            "transform": [
                [0.113699, 0.942957, 0.312896, -0.0, -0.036511, -0.31076, 0.949787, 0.4, 0.992844, -0.119414, -0.000905, 0.0, 0.0, 0.0, 0.0, 1.0],
                [0.113699, 0.942957, 0.312896, 0.0, -0.036511, -0.31076, 0.949787, 0.4, 0.992844, -0.119414, -0.000905, 0.0, 0.0, 0.0, 0.0, 1.0],
                [0.113699, 0.942957, 0.312896, -0.0, -0.036511, -0.31076, 0.949787, 0.4, 0.992844, -0.119414, -0.000905, 0.0, 0.0, 0.0, 0.0, 1.0]
            ]
        },
        {
            "name": "Arm_R",
            "time": [0.0, 1.0167, 2.0],
            "transform": [
                [0.999944, 0.000848, -0.010582, 0.0, -0.009821, -0.304611, -0.952426, 0.39386, -0.004031, 0.952477, -0.304585, -0.0, 0.0, 0.0, 0.0, 1.0],
                [0.980112, -0.197566, -0.018671, 0.0, -0.074805, -0.280675, -0.956883, 0.39386, 0.183807, 0.939249, -0.289872, 0.0, 0.0, 0.0, 0.0, 1.0],
                [0.999944, 0.000848, -0.010582, 0.0, -0.009821, -0.304611, -0.952426, 0.39386, -0.004031, 0.952477, -0.304585, -0.0, 0.0, 0.0, 0.0, 1.0]
            ]
        },
        {
            "name": "Hand_R",
            "time": [0.0, 1.0167, 2.0],
            "transform": [
                [1.0, 0.0, 0.0, -0.0, -0.0, 0.993938, 0.109947, 0.3, -0.0, -0.109947, 0.993937, 0.0, 0.0, 0.0, 0.0, 1.0],
                [1.0, 0.0, 0.0, 0.0, -0.0, 0.993938, 0.109947, 0.3, -0.0, -0.109947, 0.993937, 0.0, 0.0, 0.0, 0.0, 1.0],
                [1.0, 0.0, 0.0, -0.0, -0.0, 0.993938, 0.109947, 0.3, -0.0, -0.109947, 0.993937, 0.0, 0.0, 0.0, 0.0, 1.0]
            ]
        },
        {
            "name": "Tool_R",
            "time": [0.0, 1.0167, 2.0],
            "transform": [
                [1.0, 0.0, 0.0, 0.0, 0.0, -0.999836, 0.018122, 0.272858, 0.0, -0.018122, -0.999244, -0.0, 0.0, 0.0, 0.0, 1.0],
                [1.0, 0.0, 0.0, 0.0, 0.0, -0.999836, 0.018122, 0.272858, 0.0, -0.018122, -0.999244, 0.0, 0.0, 0.0, 0.0, 1.0],
                [1.0, 0.0, 0.0, 0.0, 0.0, -0.999836, 0.018122, 0.272858, 0.0, -0.018122, -0.999244, -0.0, 0.0, 0.0, 0.0, 1.0]
            ]
        },
        {
            "name": "Elbow_R",
            "time": [0.0, 1.0167, 2.0],
            "transform": [
                [-1.0, 0.0, -0.0, -4.9e-05, 0.0, -0.0, -1.0, 0.370249, -0.0, -1.0, 0.0, 0.000652, 0.0, 0.0, 0.0, 1.0],
                [-1.0, 0.0, -0.0, -4.9e-05, 0.0, -0.0, -1.0, 0.370249, -0.0, -1.0, 0.0, 0.000652, 0.0, 0.0, 0.0, 1.0],
                [-1.0, 0.0, -0.0, -4.9e-05, 0.0, -0.0, -1.0, 0.370249, -0.0, -1.0, 0.0, 0.000652, 0.0, 0.0, 0.0, 1.0]
            ]
        },
        {
            "name": "Shoulder_L",
            "time": [0.0, 1.0167, 2.0],
            "transform": [
                [0.114073, -0.941404, -0.317403, -0.0, 0.036631, -0.315286, 0.948289, 0.4, -0.992797, -0.119801, -0.001481, 0.0, 0.0, 0.0, 0.0, 1.0],
                [0.114073, -0.941404, -0.317403, 0.0, 0.036631, -0.315286, 0.948289, 0.4, -0.992797, -0.119801, -0.001481, 0.0, 0.0, 0.0, 0.0, 1.0],
                [0.114073, -0.941404, -0.317403, -0.0, 0.036631, -0.315286, 0.948289, 0.4, -0.992797, -0.119801, -0.001481, 0.0, 0.0, 0.0, 0.0, 1.0]
            ]
        },
        {
            "name": "Arm_L",
            "time": [0.0, 1.0167, 2.0],
            "transform": [
                [0.999865, 0.001314, -0.0164, 0.0, -0.015237, -0.301997, -0.953187, 0.39386, -0.006205, 0.953308, -0.301936, -0.0, 0.0, 0.0, 0.0, 1.0],
                [0.974219, 0.225579, 0.003222, -0.0, 0.065901, -0.270891, -0.960352, 0.39386, -0.215762, 0.935805, -0.278773, -0.0, 0.0, 0.0, 0.0, 1.0],
                [0.999865, 0.001314, -0.0164, 0.0, -0.015237, -0.301997, -0.953187, 0.39386, -0.006205, 0.953308, -0.301936, -0.0, 0.0, 0.0, 0.0, 1.0]
            ]
        },
        {
            "name": "Hand_L",
            "time": [0.0, 1.0167, 2.0],
            "transform": [
                [1.0, 0.0, 0.0, 0.0, -0.0, 0.993938, 0.109947, 0.3, -0.0, -0.109947, 0.993938, 0.0, 0.0, 0.0, 0.0, 1.0],
                [1.0, 0.0, 0.0, -0.0, -0.0, 0.993938, 0.109947, 0.3, -0.0, -0.109947, 0.993938, 0.0, 0.0, 0.0, 0.0, 1.0],
                [1.0, 0.0, 0.0, 0.0, -0.0, 0.993938, 0.109947, 0.3, -0.0, -0.109947, 0.993938, 0.0, 0.0, 0.0, 0.0, 1.0]
            ]
        },
        {
            "name": "Tool_L",
            "time": [0.0, 1.0167, 2.0],
            "transform": [
                [1.0, 0.0, 0.0, -0.0, 0.0, -0.999836, 0.018122, 0.272858, 0.0, -0.018122, -0.999248, -0.0, 0.0, 0.0, 0.0, 1.0],
                [1.0, 0.0, 0.0, -0.0, 0.0, -0.999836, 0.018122, 0.272858, 0.0, -0.018122, -0.999248, 0.0, 0.0, 0.0, 0.0, 1.0],
                [1.0, 0.0, 0.0, -0.0, 0.0, -0.999836, 0.018122, 0.272858, 0.0, -0.018122, -0.999248, -0.0, 0.0, 0.0, 0.0, 1.0]
            ]
        },
        {
            "name": "Elbow_L",
            "time": [0.0, 1.0167, 2.0],
            "transform": [
                [-1.0, 0.0, -0.0, -0.000104, 0.0, -0.0, -1.0, 0.367344, -0.0, -1.0, -0.0, 7.2e-05, 0.0, 0.0, 0.0, 1.0],
                [-1.0, 0.0, -0.0, -0.000104, 0.0, -0.0, -1.0, 0.367344, -0.0, -1.0, -0.0, 7.1e-05, 0.0, 0.0, 0.0, 1.0],
                [-1.0, 0.0, -0.0, -0.000104, 0.0, -0.0, -1.0, 0.367344, -0.0, -1.0, -0.0, 7.2e-05, 0.0, 0.0, 0.0, 1.0]
            ]
        }
    ]
}