{
    "animation": [
        {
            "name": "Root",
            "time": [0.0, 1.3333, 2.6667],
            "transform": [
                [1.0, 0.0, 0.0, -5e-06, 0.0, 0.0, -1.0, 0.000946, 0.0, 1.0, 0.0, 0.773972, 0.0, 0.0, 0.0, 1.0],
                [1.0, 0.0, 0.0, -5e-06, 0.0, 0.0, -1.0, 0.000946, 0.0, 1.0, 0.0, 0.720557, 0.0, 0.0, 0.0, 1.0],
                [1.0, 0.0, 0.0, -5e-06, 0.0, 0.0, -1.0, 0.000946, 0.0, 1.0, 0.0, 0.773972, 0.0, 0.0, 0.0, 1.0]
            ]
        },
        {
            "name": "Thigh_R",
            "time": [0.0, 1.3333, 2.6667],
            "transform": [
                [0.992947, 0.103845, -0.057212, 0.124994, 0.115867, -0.747629, 0.653931, -0.002831, 0.025134, -0.655948, -0.754387, -1.2e-05, 0.0, 0.0, 0.0, 1.0],
                [0.999267, 0.038289, -0.0, 0.124994, 0.0318, -0.829914, 0.556985, -0.002831, 0.021326, -0.556576, -0.830523, -1.2e-05, 0.0, 0.0, 0.0, 1.0],
                [0.992947, 0.103845, -0.057212, 0.124994, 0.115867, -0.747629, 0.653931, -0.002831, 0.025134, -0.655948, -0.754387, -1.2e-05, 0.0, 0.0, 0.0, 1.0]
            ]
        },
        {
            "name": "Leg_R",
            "time": [0.0, 1.3333, 2.6667],
            "transform": [
                [0.999709, 0.013644, -0.019896, 0.0, 0.017449, 0.160565, 0.986871, 0.37472, 0.016659, -0.986931, 0.16028, -0.0, 0.0, 0.0, 0.0, 1.0],
                [0.999709, 0.013644, -0.019896, -0.0, 0.017449, 0.160565, 0.986871, 0.37472, 0.016659, -0.986931, 0.16028, 0.0, 0.0, 0.0, 0.0, 1.0],
                [0.999709, 0.013644, -0.019896, 0.0, 0.017449, 0.160565, 0.986871, 0.37472, 0.016659, -0.986931, 0.16028, -0.0, 0.0, 0.0, 0.0, 1.0]
            ]
        },
        {
            "name": "Knee_R",
            "time": [0.0, 1.3333, 2.6667],
            "transform": [
                [0.999917, 0.003165, -0.012459, 0.0, -0.011541, 0.647864, -0.761669, 0.37472, 0.005661, 0.76175, 0.647847, -0.0, 0.0, 0.0, 0.0, 1.0],
                [0.999917, 0.003165, -0.012459, -0.0, -0.011541, 0.647864, -0.761669, 0.37472, 0.005661, 0.76175, 0.647847, 0.0, 0.0, 0.0, 0.0, 1.0],
                [0.999917, 0.003165, -0.012459, 0.0, -0.011541, 0.647864, -0.761669, 0.37472, 0.005661, 0.76175, 0.647847, -0.0, 0.0, 0.0, 0.0, 1.0]
            ]
        },
        {
            "name": "Thigh_L",
            "time": [0.0, 1.3333, 2.6667],
            "transform": [
                [0.993356, -0.103679, 0.049937, -0.125006, -0.113571, -0.813208, 0.570782, -0.002831, -0.018569, -0.57266, -0.819582, -1.2e-05, 0.0, 0.0, 0.0, 1.0],
                [0.999474, -0.032409, 0.0, -0.125006, -0.022659, -0.698786, 0.714971, -0.002831, -0.023171, -0.714593, -0.699155, -1.2e-05, 0.0, 0.0, 0.0, 1.0],
                [0.993356, -0.103679, 0.049937, -0.125006, -0.113571, -0.813208, 0.570782, -0.002831, -0.018569, -0.57266, -0.819582, -1.2e-05, 0.0, 0.0, 0.0, 1.0]
            ]
        },
        {
            "name": "Leg_L",
            "time": [0.0, 1.3333, 2.6667],
            "transform": [
                [0.999847, 0.015208, 0.008628, 0.0, -0.017452, 0.837613, 0.545986, 0.37472, 0.001076, -0.546054, 0.837749, 0.0, 0.0, 0.0, 0.0, 1.0],
                [0.999847, 0.015208, 0.008628, -0.0, -0.017452, 0.837613, 0.545986, 0.37472, 0.001076, -0.546054, 0.837749, 0.0, 0.0, 0.0, 0.0, 1.0],
                [0.999847, 0.015208, 0.008628, 0.0, -0.017452, 0.837613, 0.545986, 0.37472, 0.001076, -0.546054, 0.837749, 0.0, 0.0, 0.0, 0.0, 1.0]
            ]
        },
        {
            "name": "Knee_L",
            "time": [0.0, 1.3333, 2.6667],
            "transform": [
                [0.999961, 0.008232, 0.003208, 0.0, 0.000731, 0.284827, -0.958579, 0.37472, -0.008805, 0.958543, 0.284809, -0.0, 0.0, 0.0, 0.0, 1.0],
                [0.999961, 0.008232, 0.003208, -0.0, 0.000731, 0.284827, -0.958579, 0.37472, -0.008805, 0.958543, 0.284809, 0.0, 0.0, 0.0, 0.0, 1.0],
                [0.999961, 0.008232, 0.003208, 0.0, 0.000731, 0.284827, -0.958579, 0.37472, -0.008805, 0.958543, 0.284809, -0.0, 0.0, 0.0, 0.0, 1.0]
            ]
        },
        {
            "name": "Torso",
            "time": [0.0, 1.3333, 2.6667],
            "transform": [
                [1.0, 0.0, -0.0, 0.0, -0.0, 0.995965, -0.089743, 0.05, 0.0, 0.089743, 0.995965, 0.0, 0.0, 0.0, 0.0, 1.0],
                [1.0, 0.0, -0.0, 0.0, -0.0, 0.999605, -0.028104, 0.05, 0.0, 0.028104, 0.999605, 0.0, 0.0, 0.0, 0.0, 1.0],
                [1.0, 0.0, -0.0, 0.0, -0.0, 0.995965, -0.089743, 0.05, 0.0, 0.089743, 0.995965, 0.0, 0.0, 0.0, 0.0, 1.0]
            ]
        },
        {
            "name": "Chest",
            "time": [0.0, 1.3333, 2.6667],
            "transform": [
                [1.0, 0.0, 0.0, 0.0, -0.0, 0.896652, 0.442737, 0.3, -0.0, -0.442737, 0.896652, -0.0, 0.0, 0.0, 0.0, 1.0],
                [1.0, 0.0, 0.0, -0.0, -0.0, 0.896652, 0.442737, 0.3, -0.0, -0.442737, 0.896652, 0.0, 0.0, 0.0, 0.0, 1.0],
                [1.0, 0.0, 0.0, 0.0, -0.0, 0.896652, 0.442737, 0.3, -0.0, -0.442737, 0.896652, -0.0, 0.0, 0.0, 0.0, 1.0]
            ]
        },
        {
            "name": "Head",
            "time": [0.0, 1.3333, 2.6667],
            "transform": [
                [1.0, -0.0, -0.0, -0.0, 0.0, 0.997997, 0.063254, 0.4, 0.0, -0.063254, 0.997997, -0.0, 0.0, 0.0, 0.0, 1.0],
                [1.0, -0.0, -0.0, -0.0, -0.0, 0.996657, -0.081706, 0.4, 0.0, 0.081706, 0.996657, -0.0, 0.0, 0.0, 0.0, 1.0],
                [1.0, -0.0, -0.0, -0.0, 0.0, 0.997997, 0.063254, 0.4, 0.0, -0.063254, 0.997997, -0.0, 0.0, 0.0, 0.0, 1.0]
            ]
        },
        {
            "name": "Shoulder_R",
            "time": [0.0, 1.3333, 2.6667],
            "transform": [
                [0.0, 0.965995, 0.25856, 0.0, 2e-06, -0.25856, 0.965995, 0.4, 1.0, -0.0, -2e-06, -0.0, 0.0, 0.0, 0.0, 1.0],
                [-0.032655, 0.983871, 0.175874, 0.0, -0.001381, -0.176012, 0.984387, 0.4, 0.999466, 0.031902, 0.007106, 0.0, 0.0, 0.0, 0.0, 1.0],
                [0.0, 0.965995, 0.25856, 0.0, 2e-06, -0.25856, 0.965995, 0.4, 1.0, -0.0, -2e-06, -0.0, 0.0, 0.0, 0.0, 1.0]
            ]
        },
        {
            "name": "Arm_R",
            "time": [0.0, 1.3333, 2.6667],
            "transform": [
                [0.050646, 0.084972, -0.995095, -0.0, 0.862006, 0.49946, 0.086522, 0.388385, 0.504362, -0.86216, -0.04795, 1e-06, 0.0, 0.0, 0.0, 1.0],
                [0.080373, 0.00302, -0.99676, -0.0, 0.864439, 0.49767, 0.071211, 0.388385, 0.496272, -0.867362, 0.037389, 1e-06, 0.0, 0.0, 0.0, 1.0],
                [0.050646, 0.084972, -0.995095, -0.0, 0.862006, 0.49946, 0.086522, 0.388385, 0.504362, -0.86216, -0.04795, 1e-06, 0.0, 0.0, 0.0, 1.0]
            ]
        },
        {
            "name": "Hand_R",
            "time": [0.0, 1.3333, 2.6667],
            "transform": [
                [1.0, -0.0, -0.0, -0.0, -0.0, 0.866026, -0.5, 0.3, 0.0, 0.5, 0.866025, 0.0, 0.0, 0.0, 0.0, 1.0],
                [1.0, 0.0, 0.0, -0.0, -0.0, 0.766044, -0.642788, 0.3, 0.0, 0.642788, 0.766044, -0.0, 0.0, 0.0, 0.0, 1.0],
                [1.0, -0.0, -0.0, -0.0, -0.0, 0.866026, -0.5, 0.3, 0.0, 0.5, 0.866025, 0.0, 0.0, 0.0, 0.0, 1.0]
            ]
        },
        {
            "name": "Tool_R",
            "time": [0.0, 1.3333, 2.6667],
            "transform": [
                [1.0, 0.0, 0.0, 0.0, 0.0, -1.0, 0.0, 0.321203, 0.0, 0.0, -1.0, 0.0, 0.0, 0.0, 0.0, 1.0],
                [1.0, 0.0, 0.0, -0.0, 0.0, -1.0, -0.0, 0.321204, 0.0, 0.0, -1.0, 0.0, 0.0, 0.0, 0.0, 1.0],
                [1.0, 0.0, 0.0, 0.0, 0.0, -1.0, 0.0, 0.321203, 0.0, 0.0, -1.0, 0.0, 0.0, 0.0, 0.0, 1.0]
            ]
        },
        {
            "name": "Elbow_R",
            "time": [0.0, 1.3333, 2.6667],
            "transform": [
                [-1.0, -0.0, 1e-06, -4.9e-05, -1e-06, 0.258819, -0.965926, 0.3, 0.0, -0.965926, -0.258819, 0.0, 0.0, 0.0, 0.0, 1.0],
                [-0.999999, 1e-06, 1e-06, -4.9e-05, -1e-06, 0.342019, -0.939693, 0.3, -1e-06, -0.939692, -0.34202, 0.0, 0.0, 0.0, 0.0, 1.0],
                [-1.0, -0.0, 1e-06, -4.9e-05, -1e-06, 0.258819, -0.965926, 0.3, 0.0, -0.965926, -0.258819, 0.0, 0.0, 0.0, 0.0, 1.0]
            ]
        },
        {
            "name": "Shoulder_L",
            "time": [0.0, 1.3333, 2.6667],
            "transform": [
                [1e-06, -0.965989, -0.258581, 0.0, -2e-06, -0.258581, 0.96599, 0.399999, -1.0, 0.0, -2e-06, -0.0, 0.0, 0.0, 0.0, 1.0],
                [-0.030127, -0.983893, -0.176201, 0.0, -0.008067, -0.176036, 0.984351, 0.4, -0.999513, 0.031077, -0.002634, 0.0, 0.0, 0.0, 0.0, 1.0],
                [1e-06, -0.965989, -0.258581, 0.0, -2e-06, -0.258581, 0.96599, 0.399999, -1.0, 0.0, -2e-06, -0.0, 0.0, 0.0, 0.0, 1.0]
            ]
        },
        {
            "name": "Arm_L",
            "time": [0.0, 1.3333, 2.6667],
            "transform": [
                [0.051548, -0.085215, 0.995028, -0.0, -0.860724, 0.501489, 0.087538, 0.388354, -0.506455, -0.860957, -0.047496, 1e-06, 0.0, 0.0, 0.0, 1.0],
                [0.021003, -0.166363, 0.985841, -0.0, -0.858715, 0.501995, 0.103007, 0.388354, -0.512023, -0.84872, -0.132315, 1e-06, 0.0, 0.0, 0.0, 1.0],
                [0.051548, -0.085215, 0.995028, -0.0, -0.860724, 0.501489, 0.087538, 0.388354, -0.506455, -0.860957, -0.047496, 1e-06, 0.0, 0.0, 0.0, 1.0]
            ]
        },
        {
            "name": "Hand_L",
            "time": [0.0, 1.3333, 2.6667],
            "transform": [
                [1.0, 0.0, 0.0, -0.0, -0.0, 0.866026, -0.5, 0.3, -0.0, 0.5, 0.866026, 0.0, 0.0, 0.0, 0.0, 1.0],
                [1.0, 0.0, -0.0, -0.0, -0.0, 0.819152, -0.573576, 0.3, -0.0, 0.573576, 0.819152, -0.0, 0.0, 0.0, 0.0, 1.0],
                [1.0, 0.0, 0.0, -0.0, -0.0, 0.866026, -0.5, 0.3, -0.0, 0.5, 0.866026, 0.0, 0.0, 0.0, 0.0, 1.0]
            ]
        },
        {
            "name": "Tool_L",
            "time": [0.0, 1.3333, 2.6667],
            "transform": [
                [1.0, -0.0, 0.0, 0.0, 0.0, -1.0, 0.0, 0.321203, 0.0, 0.0, -1.0, 0.0, 0.0, 0.0, 0.0, 1.0],
                [1.0, 0.0, 0.0, 0.0, 0.0, -1.0, 0.0, 0.321204, 0.0, 0.0, -1.0, 0.0, 0.0, 0.0, 0.0, 1.0],
                [1.0, -0.0, 0.0, 0.0, 0.0, -1.0, 0.0, 0.321203, 0.0, 0.0, -1.0, 0.0, 0.0, 0.0, 0.0, 1.0]
            ]
        },
        {
            "name": "Elbow_L",
            "time": [0.0, 1.3333, 2.6667],
            "transform": [
                [-1.0, 0.0, -0.0, 0.0, 0.0, 0.258819, -0.965926, 0.3, -0.0, -0.965926, -0.258819, 0.0, 0.0, 0.0, 0.0, 1.0],
                [-1.0, 0.0, -0.0, 0.0, 0.0, 0.300705, -0.953717, 0.3, 0.0, -0.953717, -0.300706, 0.0, 0.0, 0.0, 0.0, 1.0],
                [-1.0, 0.0, -0.0, 0.0, 0.0, 0.258819, -0.965926, 0.3, -0.0, -0.965926, -0.258819, 0.0, 0.0, 0.0, 0.0, 1.0]
            ]
        }
    ]
}